1.00000000e-03 9.98952147e-01
1.05000000e-03 9.98869746e-01
1.10250000e-03 9.98702370e-01
1.15762500e-03 9.98513967e-01
1.21550625e-03 9.98438968e-01
1.27628156e-03 9.98254637e-01
1.34009564e-03 9.98009323e-01
1.40710042e-03 9.97955503e-01
1.47745544e-03 9.97639358e-01
1.55132822e-03 9.97138658e-01
1.62889463e-03 9.97166296e-01
1.71033936e-03 9.96707003e-01
1.79585633e-03 9.96296488e-01
1.88564914e-03 9.95936640e-01
1.97993160e-03 9.95810017e-01
2.07892818e-03 9.94923078e-01
2.18287459e-03 9.94928320e-01
2.29201832e-03 9.94617126e-01
2.40661923e-03 9.93332758e-01
2.52695020e-03 9.92405653e-01
2.65329771e-03 9.92181086e-01
2.78596259e-03 9.91468589e-01
2.92526072e-03 9.90231620e-01
3.07152376e-03 9.89987380e-01
3.22509994e-03 9.87880998e-01
3.38635494e-03 9.87008480e-01
3.55567269e-03 9.87062114e-01
3.73345632e-03 9.84352652e-01
3.92012914e-03 9.84198401e-01
4.11613560e-03 9.82333668e-01
4.32194238e-03 9.77861530e-01
4.53803949e-03 9.75742829e-01
4.76494147e-03 9.74310466e-01
5.00318854e-03 9.70532580e-01
5.25334797e-03 9.70548342e-01
5.51601537e-03 9.68409604e-01
5.79181614e-03 9.68214769e-01
6.08140694e-03 9.63996423e-01
6.38547729e-03 9.55714926e-01
6.70475115e-03 9.50428822e-01
7.03998871e-03 9.50373737e-01
7.39198815e-03 9.39259664e-01
7.76158756e-03 9.31974257e-01
8.14966693e-03 9.32350985e-01
8.55715028e-03 9.26492101e-01
8.98500779e-03 9.22427790e-01
9.43425818e-03 9.07521181e-01
9.90597109e-03 9.07423510e-01
1.04012696e-02 8.91903296e-01
1.09213331e-02 8.86816373e-01
1.14673998e-02 8.69673496e-01
1.20407698e-02 8.56429327e-01
1.26428083e-02 8.50660481e-01
1.32749487e-02 8.24213501e-01
1.39386961e-02 8.14310115e-01
1.46356309e-02 7.93620194e-01
1.53674125e-02 7.84558609e-01
1.61357831e-02 7.51886698e-01
1.69425722e-02 7.18114693e-01
1.77897009e-02 7.12215537e-01
1.86791859e-02 6.61175810e-01
1.96131452e-02 6.52741720e-01
2.05938024e-02 6.66327151e-01
2.16234926e-02 5.78134595e-01
2.27046672e-02 5.81073477e-01
2.38399006e-02 5.35521790e-01
2.50318956e-02 5.59477611e-01
2.62834904e-02 4.84327781e-01
2.75976649e-02 4.69845943e-01
2.89775481e-02 4.29838594e-01
3.04264255e-02 4.03303847e-01
3.19477468e-02 3.73791956e-01
3.35451342e-02 2.96239393e-01
3.52223909e-02 3.14566573e-01
3.69835104e-02 2.46206786e-01
3.88326859e-02 2.99792928e-01
4.07743202e-02 2.34288617e-01
4.28130362e-02 2.14407934e-01
4.49536880e-02 1.93667826e-01
4.72013724e-02 1.97428610e-01
4.95614411e-02 1.83214109e-01
5.20395131e-02 1.42984498e-01
5.46414888e-02 1.40489784e-01
5.73735632e-02 1.36883721e-01
6.02422414e-02 1.20120648e-01
6.32543534e-02 1.06809515e-01
6.64170711e-02 1.05741495e-01
6.97379247e-02 8.00199472e-02
7.32248209e-02 6.92234339e-02
7.68860620e-02 5.86617013e-02
8.07303650e-02 5.07686750e-02
8.47668833e-02 4.94778279e-02
8.90052275e-02 4.89087675e-02
9.34554888e-02 4.93642780e-02
9.81282633e-02 4.15558639e-02
1.03034676e-01 4.43117723e-02
1.08186410e-01 3.33525871e-02
1.13595731e-01 3.67791937e-02
1.19275517e-01 3.39749906e-02
1.25239293e-01 3.27674428e-02
1.31501258e-01 2.75325089e-02
1.38076321e-01 2.39937819e-02
1.44980137e-01 2.08869160e-02
1.52229144e-01 1.85438649e-02
1.59840601e-01 1.65476203e-02
1.67832631e-01 1.86220415e-02
1.76224262e-01 1.61161042e-02
1.85035475e-01 1.50786864e-02
1.94287249e-01 1.70324902e-02
2.04001612e-01 1.50254201e-02
2.14201692e-01 1.46110197e-02
2.24911777e-01 1.27883532e-02
2.36157366e-01 1.41836110e-02
2.47965234e-01 1.11843195e-02
2.60363496e-01 8.67485864e-03
2.73381671e-01 9.74859151e-03
2.87050754e-01 9.90329522e-03
3.01403292e-01 7.79333823e-03
3.16473456e-01 6.30891751e-03
3.32297129e-01 7.39111916e-03
3.48911986e-01 6.02320020e-03
3.66357585e-01 6.17797706e-03
3.84675464e-01 5.16881340e-03
4.03909237e-01 4.43799539e-03
4.24104699e-01 4.13534027e-03
4.45309934e-01 3.29001111e-03
4.67575431e-01 2.46354353e-03
4.90954203e-01 2.72442999e-03
5.15501913e-01 2.59809130e-03
5.41277008e-01 1.86960529e-03
5.68340859e-01 1.72020767e-03
5.96757902e-01 1.37824017e-03
6.26595797e-01 1.31093819e-03
6.57925587e-01 1.09822487e-03
6.90821866e-01 7.53019854e-04
7.25362959e-01 6.16103440e-04
7.61631107e-01 4.95328628e-04
7.99712662e-01 3.71879894e-04
8.39698296e-01 2.98937365e-04
8.81683210e-01 2.07049209e-04
9.25767371e-01 1.70095559e-04
9.72055739e-01 1.50752584e-04
1.02065853e+00 1.07820948e-04
1.07169145e+00 1.08556451e-04
1.12527603e+00 1.15743859e-04
1.18153983e+00 1.06265161e-04
1.24061682e+00 1.12355189e-04
1.30264766e+00 1.20811417e-04
1.36778004e+00 1.31921451e-04
1.43616904e+00 1.13543147e-04
1.50797750e+00 1.02473311e-04
1.58337637e+00 1.27333411e-04
1.66254519e+00 1.19360927e-04
1.74567245e+00 1.09132668e-04
1.83295607e+00 9.36302643e-05
1.92460387e+00 8.10426621e-05
2.02083407e+00 7.10177321e-05
2.12187577e+00 8.08779646e-05
2.22796956e+00 6.50196260e-05
2.33936804e+00 6.54937965e-05
2.45633644e+00 5.62232087e-05
2.57915326e+00 6.21482651e-05
2.70811093e+00 5.06026261e-05
2.84351647e+00 4.10561344e-05
2.98569230e+00 4.61355099e-05
3.13497691e+00 4.32886494e-05
3.29172576e+00 4.97825253e-05
3.45631204e+00 3.64738545e-05
3.62912765e+00 3.11455515e-05
3.81058403e+00 3.99526142e-05
4.00111323e+00 3.40796310e-05
4.20116889e+00 3.27563588e-05
4.41122734e+00 3.72500918e-05
4.63178870e+00 3.42573668e-05
4.86337814e+00 4.14961377e-05
5.10654704e+00 3.76321531e-05
5.36187440e+00 3.76224623e-05
5.62996812e+00 4.42936685e-05
5.91146652e+00 5.02671449e-05
6.20703985e+00 3.88997885e-05
6.51739184e+00 6.29137025e-05
6.84326143e+00 5.93824898e-05
7.18542450e+00 7.02054447e-05
7.54469573e+00 6.74052292e-05
7.92193052e+00 6.99770584e-05
8.31802704e+00 7.73038307e-05
